runjob --np 4096 --ranks-per-node=32 : /homec/hbn26/hbn264/source/sfc_conncomp/exec/compute_cc -l1 -d2
[libsc] This is libsc 1.1.226-6345
[t8] This is t8 0.2.7-807f9-dirty
For Triangle, level 1
Num cc.	count	Avg. length
1	9	2.000000
2	1	2.000000

Binned counts:
2^   [ 0, 1)  [ 1, 2)  [ 2, 3)
 1:        4        4        1
    1.00e+00 8.00e-01 1.00e+00

 2:        0        1        0
    0.00e+00 2.00e-01 0.00e+00

runjob --np 4096 --ranks-per-node=32 : /homec/hbn26/hbn264/source/sfc_conncomp/exec/compute_cc -l1 -d3
[libsc] This is libsc 1.1.226-6345
[t8] This is t8 0.2.7-807f9-dirty
For Tet, level 1
Num cc.	count	Avg. length
1	29	3.413793
2	7	3.000000

Binned counts:
2^   [ 0, 1)  [ 1, 2)  [ 2, 3)  [ 3, 4)
 1:        8        8       12        1
    1.00e+00 6.15e-01 8.57e-01 1.00e+00

 2:        0        5        2        0
    0.00e+00 3.85e-01 1.43e-01 0.00e+00

runjob --np 4096 --ranks-per-node=32 : /homec/hbn26/hbn264/source/sfc_conncomp/exec/compute_cc -l2 -d2
[libsc] This is libsc 1.1.226-6345
[t8] This is t8 0.2.7-807f9-dirty
For Triangle, level 2
Num cc.	count	Avg. length
1	99	6.585859
2	33	4.424242
3	4	4.500000
4	0	0.000000

Binned counts:
2^   [ 0, 1)  [ 1, 2)  [ 2, 3)  [ 3, 4)  [ 4, 5)
 1:       16       16       24       42        1
    1.00e+00 5.52e-01 5.22e-01 9.55e-01 1.00e+00

 2:        0       12       19        2        0
    0.00e+00 4.14e-01 4.13e-01 4.55e-02 0.00e+00

 3:        0        1        3        0        0
    0.00e+00 3.45e-02 6.52e-02 0.00e+00 0.00e+00

 4:        0        0        0        0        0
    0.00e+00 0.00e+00 0.00e+00 0.00e+00 0.00e+00

runjob --np 4096 --ranks-per-node=32 : /homec/hbn26/hbn264/source/sfc_conncomp/exec/compute_cc -l2 -d3
[libsc] This is libsc 1.1.226-6345
[t8] This is t8 0.2.7-807f9-dirty
For Tet, level 2
Num cc.	count	Avg. length
1	1348	26.397626
2	497	14.050302
3	214	14.046729
4	21	8.904762

Binned counts:
2^   [ 0, 1)  [ 1, 2)  [ 2, 3)  [ 3, 4)  [ 4, 5)  [ 5, 6)  [ 6, 7)
 1:       64       62       93      162      450      516        1
    1.00e+00 4.96e-01 3.91e-01 3.79e-01 6.78e-01 9.21e-01 1.00e+00

 2:        0       55       88      167      156       31        0
    0.00e+00 4.40e-01 3.70e-01 3.90e-01 2.35e-01 5.54e-02 0.00e+00

 3:        0        8       48       88       57       13        0
    0.00e+00 6.40e-02 2.02e-01 2.06e-01 8.58e-02 2.32e-02 0.00e+00

 4:        0        0        9       11        1        0        0
    0.00e+00 0.00e+00 3.78e-02 2.57e-02 1.51e-03 0.00e+00 0.00e+00

runjob --np 4096 --ranks-per-node=32 : /homec/hbn26/hbn264/source/sfc_conncomp/exec/compute_cc -l3 -d2
[libsc] This is libsc 1.1.226-6345
[t8] This is t8 0.2.7-807f9-dirty
For Triangle, level 3
Num cc.	count	Avg. length
1	1378	26.269956
2	591	13.996616
3	94	11.191489
4	17	13.882353
5	0	0.000000
6	0	0.000000

Binned counts:
2^   [ 0, 1)  [ 1, 2)  [ 2, 3)  [ 3, 4)  [ 4, 5)  [ 5, 6)  [ 6, 7)
 1:       64       64       96      210      385      558        1
    1.00e+00 5.12e-01 4.03e-01 4.91e-01 5.80e-01 9.96e-01 1.00e+00

 2:        0       54      112      177      246        2        0
    0.00e+00 4.32e-01 4.71e-01 4.14e-01 3.70e-01 3.57e-03 0.00e+00

 3:        0        7       28       33       26        0        0
    0.00e+00 5.60e-02 1.18e-01 7.71e-02 3.92e-02 0.00e+00 0.00e+00

 4:        0        0        2        8        7        0        0
    0.00e+00 0.00e+00 8.40e-03 1.87e-02 1.05e-02 0.00e+00 0.00e+00

 5:        0        0        0        0        0        0        0
    0.00e+00 0.00e+00 0.00e+00 0.00e+00 0.00e+00 0.00e+00 0.00e+00

 6:        0        0        0        0        0        0        0
    0.00e+00 0.00e+00 0.00e+00 0.00e+00 0.00e+00 0.00e+00 0.00e+00

runjob --np 4096 --ranks-per-node=32 : /homec/hbn26/hbn264/source/sfc_conncomp/exec/compute_cc -l3 -d3
[libsc] This is libsc 1.1.226-6345
[t8] This is t8 0.2.7-807f9-dirty
For Tet, level 3
Num cc.	count	Avg. length
1	81034	215.223906
2	30057	104.462122
3	14940	97.644846
4	4444	92.337084
5	730	60.445205
6	123	59.406504

Binned counts:
2^   [ 0, 1)  [ 1, 2)  [ 2, 3)  [ 3, 4)  [ 4, 5)  [ 5, 6)  [ 6, 7)  [ 7, 8)  [ 8, 9)  [ 9,10)
 1:      512      496      738     1314     3290     4616    11067    27992    31008        1
    1.00e+00 4.86e-01 3.64e-01 3.28e-01 4.20e-01 3.10e-01 4.14e-01 6.80e-01 9.35e-01 1.00e+00

 2:        0      448      758     1670     2445     5630     9112     8470     1524        0
    0.00e+00 4.39e-01 3.73e-01 4.16e-01 3.12e-01 3.78e-01 3.41e-01 2.06e-01 4.60e-02 0.00e+00

 3:        0       77      453      839     1504     3071     4715     3807      474        0
    0.00e+00 7.54e-02 2.23e-01 2.09e-01 1.92e-01 2.06e-01 1.76e-01 9.25e-02 1.43e-02 0.00e+00

 4:        0        0       81      167      433     1232     1508      877      146        0
    0.00e+00 0.00e+00 3.99e-02 4.16e-02 5.53e-02 8.27e-02 5.64e-02 2.13e-02 4.40e-03 0.00e+00

 5:        0        0        0       22      126      306      270        6        0        0
    0.00e+00 0.00e+00 0.00e+00 5.48e-03 1.61e-02 2.05e-02 1.01e-02 1.46e-04 0.00e+00 0.00e+00

 6:        0        0        0        0       34       41       48        0        0        0
    0.00e+00 0.00e+00 0.00e+00 0.00e+00 4.34e-03 2.75e-03 1.80e-03 0.00e+00 0.00e+00 0.00e+00

runjob --np 4096 --ranks-per-node=32 : /homec/hbn26/hbn264/source/sfc_conncomp/exec/compute_cc -l4 -d2
[libsc] This is libsc 1.1.226-6345
[t8] This is t8 0.2.7-807f9-dirty
For Triangle, level 4
Num cc.	count	Avg. length
1	21172	105.967126
2	9673	52.169131
3	1522	38.688568
4	454	40.466960
5	74	48.918919
6	1	12.000000
7	0	0.000000
8	0	0.000000

Binned counts:
2^   [ 0, 1)  [ 1, 2)  [ 2, 3)  [ 3, 4)  [ 4, 5)  [ 5, 6)  [ 6, 7)  [ 7, 8)  [ 8, 9)
 1:      256      256      384      840     1540     3162     6351     8382        1
    1.00e+00 5.03e-01 3.82e-01 4.28e-01 4.12e-01 4.72e-01 6.14e-01 1.00e+00 1.00e+00

 2:        0      222      484      864     1688     2869     3544        2        0
    0.00e+00 4.36e-01 4.81e-01 4.40e-01 4.52e-01 4.28e-01 3.43e-01 2.39e-04 0.00e+00

 3:        0       31      124      193      372      481      321        0        0
    0.00e+00 6.09e-02 1.23e-01 9.83e-02 9.96e-02 7.17e-02 3.11e-02 0.00e+00 0.00e+00

 4:        0        0       14       58      125      160       97        0        0
    0.00e+00 0.00e+00 1.39e-02 2.95e-02 3.35e-02 2.39e-02 9.38e-03 0.00e+00 0.00e+00

 5:        0        0        0        8       11       32       23        0        0
    0.00e+00 0.00e+00 0.00e+00 4.07e-03 2.94e-03 4.77e-03 2.23e-03 0.00e+00 0.00e+00

 6:        0        0        0        1        0        0        0        0        0
    0.00e+00 0.00e+00 0.00e+00 5.09e-04 0.00e+00 0.00e+00 0.00e+00 0.00e+00 0.00e+00

 7:        0        0        0        0        0        0        0        0        0
    0.00e+00 0.00e+00 0.00e+00 0.00e+00 0.00e+00 0.00e+00 0.00e+00 0.00e+00 0.00e+00

 8:        0        0        0        0        0        0        0        0        0
    0.00e+00 0.00e+00 0.00e+00 0.00e+00 0.00e+00 0.00e+00 0.00e+00 0.00e+00 0.00e+00

runjob --np 4096 --ranks-per-node=32 : /homec/hbn26/hbn264/source/sfc_conncomp/exec/compute_cc -l4 -d3
[libsc] This is libsc 1.1.226-6345
[t8] This is t8 0.2.7-807f9-dirty
For Tet, level 4
Num cc.	count	Avg. length
1	5130723	1729.290848
2	1870468	830.332109
3	922018	774.724856
4	334948	723.230161
5	104303	639.531327
6	22604	451.188329
7	4938	456.009113
8	654	464.681957

Binned counts:
2^   [ 0, 1)  [ 1, 2)  [ 2, 3)  [ 3, 4)  [ 4, 5)  [ 5, 6)  [ 6, 7)  [ 7, 8)  [ 8, 9)  [ 9,10)  [10,11)  [11,12)  [12,13)
 1:     4096     3984     5916    10732    25956    36396    88695   205714   285632   717858  1777359  1968384        1
    1.00e+00 4.87e-01 3.61e-01 3.28e-01 3.98e-01 2.81e-01 3.46e-01 4.12e-01 3.00e-01 4.21e-01 6.78e-01 9.37e-01 1.00e+00

 2:        0     3554     6028    13588    20151    50557    95452   147776   359406   562679   517462    93815        0
    0.00e+00 4.34e-01 3.68e-01 4.16e-01 3.09e-01 3.90e-01 3.73e-01 2.96e-01 3.78e-01 3.30e-01 1.97e-01 4.47e-02 0.00e+00

 3:        0      651     3752     6753    13469    28566    46257    93586   181947   281429   238542    27066        0
    0.00e+00 7.95e-02 2.29e-01 2.07e-01 2.07e-01 2.20e-01 1.81e-01 1.87e-01 1.91e-01 1.65e-01 9.09e-02 1.29e-02 0.00e+00

 4:        0        0      670     1408     4190    11099    18926    34477    82715    97934    74782     8747        0
    0.00e+00 0.00e+00 4.09e-02 4.31e-02 6.43e-02 8.57e-02 7.39e-02 6.90e-02 8.70e-02 5.74e-02 2.85e-02 4.16e-03 0.00e+00

 5:        0        0        0      203     1131     2645     5158    12537    31123    34715    14579     2212        0
    0.00e+00 0.00e+00 0.00e+00 6.21e-03 1.74e-02 2.04e-02 2.01e-02 2.51e-02 3.27e-02 2.04e-02 5.56e-03 1.05e-03 0.00e+00

 6:        0        0        0        0      279      321     1430     4354     7997     8007      216        0        0
    0.00e+00 0.00e+00 0.00e+00 0.00e+00 4.28e-03 2.48e-03 5.58e-03 8.71e-03 8.41e-03 4.70e-03 8.23e-05 0.00e+00 0.00e+00

 7:        0        0        0        0        0        0      178     1268     1626     1830       36        0        0
    0.00e+00 0.00e+00 0.00e+00 0.00e+00 0.00e+00 0.00e+00 6.95e-04 2.54e-03 1.71e-03 1.07e-03 1.37e-05 0.00e+00 0.00e+00

 8:        0        0        0        0        0        0        0      192      210      252        0        0        0
    0.00e+00 0.00e+00 0.00e+00 0.00e+00 0.00e+00 0.00e+00 0.00e+00 3.84e-04 2.21e-04 1.48e-04 0.00e+00 0.00e+00 0.00e+00

runjob --np 4096 --ranks-per-node=32 : /homec/hbn26/hbn264/source/sfc_conncomp/exec/compute_cc -l5 -d2
[libsc] This is libsc 1.1.226-6345
[t8] This is t8 0.2.7-807f9-dirty
For Triangle, level 5
Num cc.	count	Avg. length
1	335144	425.218628
2	155397	204.905526
3	23748	150.836618
4	7963	143.707146
5	2200	156.690909
6	335	175.211940
7	12	46.333333
8	1	44.000000
9	0	0.000000
10	0	0.000000

Binned counts:
2^   [ 0, 1)  [ 1, 2)  [ 2, 3)  [ 3, 4)  [ 4, 5)  [ 5, 6)  [ 6, 7)  [ 7, 8)  [ 8, 9)  [ 9,10)  [10,11)
 1:     1024     1024     1536     3360     6160    12648    25404    49530   102619   131838        1
    1.00e+00 5.01e-01 3.77e-01 4.14e-01 3.84e-01 4.04e-01 4.27e-01 4.64e-01 6.25e-01 1.00e+00 1.00e+00

 2:        0      894     1972     3612     7372    14248    26096    46277    54924        2        0
    0.00e+00 4.37e-01 4.84e-01 4.45e-01 4.60e-01 4.55e-01 4.39e-01 4.34e-01 3.34e-01 1.52e-05 0.00e+00

 3:        0      127      508      833     1730     2895     5454     7425     4776        0        0
    0.00e+00 6.21e-02 1.25e-01 1.03e-01 1.08e-01 9.26e-02 9.17e-02 6.96e-02 2.91e-02 0.00e+00 0.00e+00

 4:        0        0       62      258      645     1146     1914     2560     1378        0        0
    0.00e+00 0.00e+00 1.52e-02 3.18e-02 4.03e-02 3.66e-02 3.22e-02 2.40e-02 8.39e-03 0.00e+00 0.00e+00

 5:        0        0        0       40       99      296      557      768      440        0        0
    0.00e+00 0.00e+00 0.00e+00 4.93e-03 6.18e-03 9.46e-03 9.36e-03 7.20e-03 2.68e-03 0.00e+00 0.00e+00

 6:        0        0        0        5       16       38       61      128       87        0        0
    0.00e+00 0.00e+00 0.00e+00 6.17e-04 9.99e-04 1.21e-03 1.03e-03 1.20e-03 5.30e-04 0.00e+00 0.00e+00

 7:        0        0        0        0        2        8        2        0        0        0        0
    0.00e+00 0.00e+00 0.00e+00 0.00e+00 1.25e-04 2.56e-04 3.36e-05 0.00e+00 0.00e+00 0.00e+00 0.00e+00

 8:        0        0        0        0        0        1        0        0        0        0        0
    0.00e+00 0.00e+00 0.00e+00 0.00e+00 0.00e+00 3.20e-05 0.00e+00 0.00e+00 0.00e+00 0.00e+00 0.00e+00

 9:        0        0        0        0        0        0        0        0        0        0        0
    0.00e+00 0.00e+00 0.00e+00 0.00e+00 0.00e+00 0.00e+00 0.00e+00 0.00e+00 0.00e+00 0.00e+00 0.00e+00

10:        0        0        0        0        0        0        0        0        0        0        0
    0.00e+00 0.00e+00 0.00e+00 0.00e+00 0.00e+00 0.00e+00 0.00e+00 0.00e+00 0.00e+00 0.00e+00 0.00e+00

runjob --np 4096 --ranks-per-node=32 : /homec/hbn26/hbn264/source/sfc_conncomp/exec/compute_cc -l5 -d3
[libsc] This is libsc 1.1.226-6345
[t8] This is t8 0.2.7-807f9-dirty
For Tet, level 5
Num cc.	count	Avg. length
1	327673697	13846.926037
2	118509563	6639.985889
3	57636786	6211.132604
4	21463251	5800.555617
5	8176267	5287.109570
6	2588168	4538.675135
7	646338	3516.484109
8	159485	3533.189341
9	30297	3642.704162
10	3444	3704.406504

Binned counts:
2^   [ 0, 1)  [ 1, 2)  [ 2, 3)  [ 3, 4)  [ 4, 5)  [ 5, 6)  [ 6, 7)  [ 7, 8)  [ 8, 9)  [ 9,10)  [10,11)  [11,12)  [12,13)  [13,14)  [14,15)  [15,16)
 1:    32768    31968    47448    87032   207944   289704   722218  1628492  2250201  5740867 13090961 18198665 46004034 113493842 125847552        1
    1.00e+00 4.88e-01 3.62e-01 3.32e-01 3.97e-01 2.77e-01 3.45e-01 3.91e-01 2.71e-01 3.50e-01 4.09e-01 2.99e-01 4.22e-01 6.76e-01 9.37e-01 1.00e+00

 2:        0    28230    47784   108432   158751   408706   779167  1226624  3238780  5951817  9310302 22942823 35722065 32622018  5964064        0
    0.00e+00 4.31e-01 3.65e-01 4.14e-01 3.03e-01 3.90e-01 3.73e-01 2.94e-01 3.91e-01 3.63e-01 2.91e-01 3.77e-01 3.28e-01 1.94e-01 4.44e-02 0.00e+00

 3:        0     5335    30362    53585   110175   236074   375503   831940  1708806  2788865  5852106 11384002 17624737 14944060  1691236        0
    0.00e+00 8.14e-02 2.32e-01 2.04e-01 2.10e-01 2.25e-01 1.80e-01 2.00e-01 2.06e-01 1.70e-01 1.83e-01 1.87e-01 1.62e-01 8.91e-02 1.26e-02 0.00e+00

 4:        0        0     5460    11294    35562    89731   156701   317322   743990  1200945  2223245  5088411  6050423  5000991   539176        0
    0.00e+00 0.00e+00 4.17e-02 4.31e-02 6.79e-02 8.57e-02 7.49e-02 7.61e-02 8.97e-02 7.33e-02 6.95e-02 8.37e-02 5.55e-02 2.98e-02 4.02e-03 0.00e+00

 5:        0        0        0     1717     9335    20519    44020   116520   269225   496447   954574  2145943  2488911  1463924   165132        0
    0.00e+00 0.00e+00 0.00e+00 6.55e-03 1.78e-02 1.96e-02 2.11e-02 2.79e-02 3.25e-02 3.03e-02 2.98e-02 3.53e-02 2.28e-02 8.73e-03 1.23e-03 0.00e+00

 6:        0        0        0        0     2161     2354    12019    37283    65518   152942   373506   782669   873253   251319    35144        0
    0.00e+00 0.00e+00 0.00e+00 0.00e+00 4.12e-03 2.25e-03 5.75e-03 8.94e-03 7.90e-03 9.33e-03 1.17e-02 1.29e-02 8.01e-03 1.50e-03 2.62e-04 0.00e+00

 7:        0        0        0        0        0        0     1476    10241    12591    43487   131222   215566   225125     6630        0        0
    0.00e+00 0.00e+00 0.00e+00 0.00e+00 0.00e+00 0.00e+00 7.06e-04 2.46e-03 1.52e-03 2.65e-03 4.10e-03 3.54e-03 2.06e-03 3.95e-05 0.00e+00 0.00e+00

 8:        0        0        0        0        0        0        0     1498     1577     8472    38248    51280    56938     1472        0        0
    0.00e+00 0.00e+00 0.00e+00 0.00e+00 0.00e+00 0.00e+00 0.00e+00 3.59e-04 1.90e-04 5.17e-04 1.20e-03 8.43e-04 5.22e-04 8.77e-06 0.00e+00 0.00e+00

 9:        0        0        0        0        0        0        0        0        0      926     7932    10005    11242      192        0        0
    0.00e+00 0.00e+00 0.00e+00 0.00e+00 0.00e+00 0.00e+00 0.00e+00 0.00e+00 0.00e+00 5.65e-05 2.48e-04 1.65e-04 1.03e-04 1.14e-06 0.00e+00 0.00e+00

10:        0        0        0        0        0        0        0        0        0        0     1008     1116     1320        0        0        0
    0.00e+00 0.00e+00 0.00e+00 0.00e+00 0.00e+00 0.00e+00 0.00e+00 0.00e+00 0.00e+00 0.00e+00 3.15e-05 1.83e-05 1.21e-05 0.00e+00 0.00e+00 0.00e+00

runjob --np 4096 --ranks-per-node=32 : /homec/hbn26/hbn264/source/sfc_conncomp/exec/compute_cc -l6 -d2
[libsc] This is libsc 1.1.226-6345
[t8] This is t8 0.2.7-807f9-dirty
For Triangle, level 6
Num cc.	count	Avg. length
1	5347664	1702.429376
2	2487709	816.062010
3	373502	603.834121
4	127552	555.874592
5	41850	563.159761
6	10682	607.466392
7	1578	618.613435
8	104	180.730769
9	14	178.571429
10	1	172.000000
11	0	0.000000
12	0	0.000000

Binned counts:
2^   [ 0, 1)  [ 1, 2)  [ 2, 3)  [ 3, 4)  [ 4, 5)  [ 5, 6)  [ 6, 7)  [ 7, 8)  [ 8, 9)  [ 9,10)  [10,11)  [11,12)  [12,13)
 1:     4096     4096     6144    13440    24640    50592   101616   198120   410476   787962  1646259  2100222        1
    1.00e+00 5.00e-01 3.75e-01 4.11e-01 3.78e-01 3.90e-01 3.97e-01 3.96e-01 4.32e-01 4.62e-01 6.28e-01 1.00e+00 1.00e+00

 2:        0     3582     7924    14604    30108    59764   114444   230600   413184   742149   871348        2        0
    0.00e+00 4.37e-01 4.84e-01 4.47e-01 4.62e-01 4.61e-01 4.47e-01 4.61e-01 4.35e-01 4.35e-01 3.32e-01 9.52e-07 0.00e+00

 3:        0      511     2044     3393     7162    12551    25640    44945    84984   117249    75023        0        0
    0.00e+00 6.24e-02 1.25e-01 1.04e-01 1.10e-01 9.69e-02 1.00e-01 8.99e-02 8.94e-02 6.88e-02 2.86e-02 0.00e+00 0.00e+00

 4:        0        0      254     1058     2725     5090    10110    18292    29085    39936    21002        0        0
    0.00e+00 0.00e+00 1.55e-02 3.24e-02 4.18e-02 3.93e-02 3.95e-02 3.66e-02 3.06e-02 2.34e-02 8.01e-03 0.00e+00 0.00e+00

 5:        0        0        0      168      451     1352     3481     6176     9972    13312     6938        0        0
    0.00e+00 0.00e+00 0.00e+00 5.14e-03 6.92e-03 1.04e-02 1.36e-02 1.24e-02 1.05e-02 7.81e-03 2.65e-03 0.00e+00 0.00e+00

 6:        0        0        0       21       80      190      665     1469     2610     3584     2063        0        0
    0.00e+00 0.00e+00 0.00e+00 6.43e-04 1.23e-03 1.47e-03 2.60e-03 2.94e-03 2.75e-03 2.10e-03 7.87e-04 0.00e+00 0.00e+00

 7:        0        0        0        0       10       40      118      236      319      512      343        0        0
    0.00e+00 0.00e+00 0.00e+00 0.00e+00 1.53e-04 3.09e-04 4.61e-04 4.72e-04 3.36e-04 3.00e-04 1.31e-04 0.00e+00 0.00e+00

 8:        0        0        0        0        0        5       20       55       24        0        0        0        0
    0.00e+00 0.00e+00 0.00e+00 0.00e+00 0.00e+00 3.86e-05 7.81e-05 1.10e-04 2.52e-05 0.00e+00 0.00e+00 0.00e+00 0.00e+00

 9:        0        0        0        0        0        0        2       10        2        0        0        0        0
    0.00e+00 0.00e+00 0.00e+00 0.00e+00 0.00e+00 0.00e+00 7.81e-06 2.00e-05 2.10e-06 0.00e+00 0.00e+00 0.00e+00 0.00e+00

10:        0        0        0        0        0        0        0        1        0        0        0        0        0
    0.00e+00 0.00e+00 0.00e+00 0.00e+00 0.00e+00 0.00e+00 0.00e+00 2.00e-06 0.00e+00 0.00e+00 0.00e+00 0.00e+00 0.00e+00

11:        0        0        0        0        0        0        0        0        0        0        0        0        0
    0.00e+00 0.00e+00 0.00e+00 0.00e+00 0.00e+00 0.00e+00 0.00e+00 0.00e+00 0.00e+00 0.00e+00 0.00e+00 0.00e+00 0.00e+00

12:        0        0        0        0        0        0        0        0        0        0        0        0        0
    0.00e+00 0.00e+00 0.00e+00 0.00e+00 0.00e+00 0.00e+00 0.00e+00 0.00e+00 0.00e+00 0.00e+00 0.00e+00 0.00e+00 0.00e+00


runjob --np 8192 --ranks-per-node=32 : /homec/hbn26/hbn264/source/sfc_conncomp/exec/compute_cc -l8 -d2
[libsc] This is libsc 1.1.226-6345
[t8] This is t8 0.2.7-807f9-dirty
For Triangle, level 8
Num cc.	count	Avg. length
1	1367821632	27247.151407
2	636840109	13041.171054
3	94558258	9707.035527
4	31937414	8870.441831
5	11140994	8507.861493
6	3787799	8438.844244
7	1128524	8667.443131
8	255540	8772.907287
9	39564	7279.850167
10	5339	2794.599738
11	1058	2826.499055
12	166	2836.072289
13	18	2808.222222
14	1	2732.000000
15	0	0.000000
16	0	0.000000

Binned counts:
2^   [ 0, 1)  [ 1, 2)  [ 2, 3)  [ 3, 4)  [ 4, 5)  [ 5, 6)  [ 6, 7)  [ 7, 8)  [ 8, 9)  [ 9,10)  [10,11)  [11,12)  [12,13)  [13,14)  [14,15)  [15,16)  [16,17)
 1:    65536    65536    98304   215040   394240   809472  1625856  3169920  6567616 12607392 26340144 50356200 105432460 201351162 421802691 536920062        1
    1.00e+00 5.00e-01 3.75e-01 4.10e-01 3.76e-01 3.86e-01 3.88e-01 3.79e-01 3.94e-01 3.80e-01 4.02e-01 3.94e-01 4.33e-01 4.62e-01 6.29e-01 1.00e+00 1.00e+00

 2:        0    57342   126964   234444   484828   970084  1881404  3917060  7418364 15536724 28955468 59263816 105402592 190132229 222458788        2        0
    0.00e+00 4.37e-01 4.84e-01 4.47e-01 4.63e-01 4.63e-01 4.49e-01 4.68e-01 4.45e-01 4.69e-01 4.42e-01 4.63e-01 4.33e-01 4.36e-01 3.31e-01 3.72e-09 0.00e+00

 3:        0     8191    32764    54593   115802   205671   429360   795345  1662774  3082379  6365204 11314869 21551820 29843457 19096029        0        0
    0.00e+00 6.25e-02 1.25e-01 1.04e-01 1.10e-01 9.81e-02 1.03e-01 9.51e-02 9.97e-02 9.29e-02 9.71e-02 8.84e-02 8.86e-02 6.84e-02 2.85e-02 0.00e+00 0.00e+00

 4:        0        0     4094    17058    44325    83970   174030   332932   657965  1269696  2420434  4506686  7179233  9986048  5260943        0        0
    0.00e+00 0.00e+00 1.56e-02 3.25e-02 4.23e-02 4.01e-02 4.16e-02 3.98e-02 3.94e-02 3.83e-02 3.69e-02 3.52e-02 2.95e-02 2.29e-02 7.84e-03 0.00e+00 0.00e+00

 5:        0        0        0     2728     7491    22472    61961   114336   264812   470042   968450  1672144  2493841  3366912  1695805        0        0
    0.00e+00 0.00e+00 0.00e+00 5.20e-03 7.15e-03 1.07e-02 1.48e-02 1.37e-02 1.59e-02 1.42e-02 1.48e-02 1.31e-02 1.03e-02 7.72e-03 2.53e-03 0.00e+00 0.00e+00

 6:        0        0        0      341     1360     3230    12745    28289    84310   150294   354044   588579   872882  1122304   569421        0        0
    0.00e+00 0.00e+00 0.00e+00 6.51e-04 1.30e-03 1.54e-03 3.04e-03 3.38e-03 5.05e-03 4.53e-03 5.40e-03 4.60e-03 3.59e-03 2.57e-03 8.48e-04 0.00e+00 0.00e+00

 7:        0        0        0        0      170      680     2438     4956    18589    36042   103811   175032   270567   335872   180367        0        0
    0.00e+00 0.00e+00 0.00e+00 0.00e+00 1.62e-04 3.24e-04 5.82e-04 5.93e-04 1.11e-03 1.09e-03 1.58e-03 1.37e-03 1.11e-03 7.70e-04 2.69e-04 0.00e+00 0.00e+00

 8:        0        0        0        0        0       85      420     1155     3944     7190    23337    40528    61444    73728    43709        0        0
    0.00e+00 0.00e+00 0.00e+00 0.00e+00 0.00e+00 4.06e-05 1.00e-04 1.38e-04 2.36e-04 2.17e-04 3.56e-04 3.17e-04 2.53e-04 1.69e-04 6.51e-05 0.00e+00 0.00e+00

 9:        0        0        0        0        0        0       42      210      792     1780     5252     8628     9205     8192     5463        0        0
    0.00e+00 0.00e+00 0.00e+00 0.00e+00 0.00e+00 0.00e+00 1.00e-05 2.51e-05 4.75e-05 5.37e-05 8.01e-05 6.74e-05 3.78e-05 1.88e-05 8.14e-06 0.00e+00 0.00e+00

10:        0        0        0        0        0        0        0       21      120      380     1152     2226     1440        0        0        0        0
    0.00e+00 0.00e+00 0.00e+00 0.00e+00 0.00e+00 0.00e+00 0.00e+00 2.51e-06 7.19e-06 1.15e-05 1.76e-05 1.74e-05 5.92e-06 0.00e+00 0.00e+00 0.00e+00 0.00e+00

11:        0        0        0        0        0        0        0        0       10       60      210      520      258        0        0        0        0
    0.00e+00 0.00e+00 0.00e+00 0.00e+00 0.00e+00 0.00e+00 0.00e+00 0.00e+00 6.00e-07 1.81e-06 3.20e-06 4.06e-06 1.06e-06 0.00e+00 0.00e+00 0.00e+00 0.00e+00

12:        0        0        0        0        0        0        0        0        0        5       28      101       32        0        0        0        0
    0.00e+00 0.00e+00 0.00e+00 0.00e+00 0.00e+00 0.00e+00 0.00e+00 0.00e+00 0.00e+00 1.51e-07 4.27e-07 7.89e-07 1.32e-07 0.00e+00 0.00e+00 0.00e+00 0.00e+00

13:        0        0        0        0        0        0        0        0        0        0        2       14        2        0        0        0        0
    0.00e+00 0.00e+00 0.00e+00 0.00e+00 0.00e+00 0.00e+00 0.00e+00 0.00e+00 0.00e+00 0.00e+00 3.05e-08 1.09e-07 8.22e-09 0.00e+00 0.00e+00 0.00e+00 0.00e+00

14:        0        0        0        0        0        0        0        0        0        0        0        1        0        0        0        0        0
    0.00e+00 0.00e+00 0.00e+00 0.00e+00 0.00e+00 0.00e+00 0.00e+00 0.00e+00 0.00e+00 0.00e+00 0.00e+00 7.82e-09 0.00e+00 0.00e+00 0.00e+00 0.00e+00 0.00e+00

15:        0        0        0        0        0        0        0        0        0        0        0        0        0        0        0        0        0
    0.00e+00 0.00e+00 0.00e+00 0.00e+00 0.00e+00 0.00e+00 0.00e+00 0.00e+00 0.00e+00 0.00e+00 0.00e+00 0.00e+00 0.00e+00 0.00e+00 0.00e+00 0.00e+00 0.00e+00

16:        0        0        0        0        0        0        0        0        0        0        0        0        0        0        0        0        0
    0.00e+00 0.00e+00 0.00e+00 0.00e+00 0.00e+00 0.00e+00 0.00e+00 0.00e+00 0.00e+00 0.00e+00 0.00e+00 0.00e+00 0.00e+00 0.00e+00 0.00e+00 0.00e+00 0.00e+00

